23560197
19628039
35004423
25157641
46145549
40140814
35594255
24535060
36331544
23871516
21061664
29745185
29245473
26165281
31072293
24813605
34283560
41754667
38199342
34627631
21930033
60604475
46850107
30195771
37986367
20463679
41115714
61718596
31260741
29089861
26001483
39542866
21274708
23978070
24584281
26746972
283574365
34275422
41066597
264470635
29491310
22896752
35004531
20463731
34529409
23683202
284180615
23978120
38682763
25051279
36618384
292479124
294985884
30195869
24535196
21201061
30785704
38305970
22519989
38404286
268091586
48251077
23445704
38133965
22569166
28442836
48931029
37994709
276070618
63217889
38101224
27533545
26091762
299704564
45875446
36880631
22511864
61006075
37912835
68460804
38289668
284336394
38854925
34545934
41771280
36249876
41427221
28557592
28885274
30507291
48308513
41132328
39223606
30835002
22962498
45195589
63340880
29385045
30196055
41673048
45056350
276373859
40485223
29712743
60186989
38158702
39649654
42967417
41099641
40026490
34587001
29188485
28680583
26698120
25813387
21881228
271458703
24584595
23708055
26517913
35127708
37822891
21242286
38281652
29213112
23724474
57786813
49103294
21823938
36069828
36397511
60195274
34300362
43925966
36946384
21963218
35389919
38150627
29278691
299131368
29123050
41861611
31883755
20488684
26427888
19636720
40968692
22544887
277365241
42975745
24666635
30908951
25575963
24642078
28566047
299213346
61825577
38208044
41607727
45089336
24257082
34439745
39920203
48104030
46211681
25051747
46629478
21897830
29139572
40182389
21774964
24142457
43369084
29934207
28418701
29483662
23454365
38290081
36283041
22569636
36766374
46564020
36643509
26075830
282870457
20521661
32252606
45777604
29885129
36201165
28500689
300237526
38863576
28140257
35398388
22168314
282100477
21799678
29664005
41526022
47268615
40755975
35037959
28795657
46555916
41853712
23331605
22446869
41050907
40289055
28500771
36225829
26223399
40133416
29451049
32318254
21840687
22913841
44663604
35595066
42033979
29090620
25871163
22356797
39961407
38011715
22168392
41149260
40747852
22913869
47473491
42984276
35808083
280920919
20644699
36479836
28107612
27124578
23470946
37151589
26485605
20546405
38708072
43467627
47211373
38421357
38372206
51307381
26502007
24642424
28468093
277111678
30122881
30696328
22184843
22373263
25912218
27771808
21898146
36955050
30172074
24732590
29139889
41690042
41026493
42623935
21889991
19727309
31654862
21021651
27665364
28353495
26960858
31302621
38585314
24364002
46654452
27067381
21799929
25035779
22324228
300393480
46662666
38765588
24978456
36250653
46842913
51692580
36520996
38118438
24290343
23774250
36897844
21898295
46359611
30393404
24978493
41043005
27542598
66028617
24683593
38208591
28648529
65479770
27894877
31728735
29443171
23520355
31564903
30737518
29213809
23970933
21693561
47047806
38159486
28812416
278078596
43091084
37061777
266716307
29082771
31868053
50136214
25273492
33596570
38536348
22389918
25740447
47031456
38290595
34563242
27370666
36103342
293446832
26592432
63063226
23438523
29893826
38388939
28091599
41387217
43500754
24224989
35103972
37192943
46318843
282633468
38085884
24544507
22906110
35980545
22922498
27403525
59393286
24642827
272221457
292070674
43861266
29852945
25437462
280798489
38143259
276907293
36095267
30311718
264709418
29484338
41116984
36898105
25150777
46540096
46228800
37979456
29861186
21259589
39224651
62793036
23536973
38200655
31368528
22381908
37692758
31638883
22349158
22930795
37348716
21996913
24880502
29123964
38233472
37750146
266544515
28075399
35587465
33973641
24724874
22431123
37905812
32015775
24176038
29132207
27076018
46564794
35317190
282518983
37365192
21816782
21849554
20661714
46597588
41887188
29746669
28780013
65635827
30197235
22365684
300951035
37119484
26715644
42042888
40781320
24036876
41985555
37275160
41027099
37881375
28075551
39192102
37209647
34850351
29173298
22980147
30418487
20538938
38307387
29140544
26601033
23316043
29107791
23758416
38397523
38700633
45123165
20006493
31368812
20006508
26764912
41461362
68658803
297395837
29697661
23012994
293258894
283190931
38176405
27199128
38151833
29140638
34866847
32327327
22570657
41166499
37381795
42837673
40134322
28452531
25577139
40101560
30025401
25953976
39118524
48596671
42051274
22898379
23086797
40117969
27420373
268420830
36685535
36030174
30336736
27281121
49669860
28534501
26994408
23029480
38217451
29222637
47933167
21923571
37750518
24864503
37979902
35358465
24823554
28272395
39995148
34637584
38872851
30287636
45131541
29755164
47564579
38381347
43231013
38020902
22365992
26453804
300435247
26584879
292792113
276768562
24889139
22923065
267396925
36382526
31418184
23504713
38553421
39421778
28116818
30951253
21874532
40716133
23865189
25077612
21563251
20670327
26552184
31385465
23775100
21276543
26568583
29411226
23168926
39192480
65054630
29517735
298706857
22570937
264062910
27666369
53684163
22169545
20465613
274868175
45172687
25528272
34940890
41830366
27772894
24881121
29353955
22341614
29163518
38799351
21506046
49014782
22808577
19949571
284911624
37185546
29059083
63277076
29812757
28067863
48474138
26748957
40880162
36644899
41330724
36407337
31262763
22939691
21964843
41052206
38332474
29927482
31950914
25708611
19933252
21268549
19892294
33261650
22997074
34310228
21932121
38758491
29124701
26691687
39225449
20416619
31098990
29116527
25626745
21760123
299346057
42190985
36038799
30746768
26618000
270149781
64129173
26855574
35416225
293259431
36497575
29780144
22972594
61925563
47147200
47106240
50669762
23947460
45721804
24053965
47409362
44984531
36677849
21465305
24717539
56371435
41068779
38193387
27756782
22898928
47474929
63654130
43550961
22915317
21506297
24512767
36546818
22980867
265062660
40814852
297371911
54102281
23087385
21629209
22513955
21014819
37161256
26388776
24439087
26093878
51063096
21907771
22554940
37194057
53741898
37226828
29354320
299665746
31951187
25037142
26544471
29157720
27380059
24742238
27085155
43452780
286820722
35031422
27371903
23480702
45721988
35637641
295250321
281086360
19630488
19966362
268331421
51489183
285534629
63211942
38128043
34474413
37800367
23693745
23374258
56166837
19892661
59304376
47638970
39987644
61262269
24807871
38332875
24562125
38070735
38390226
46524887
26544600
37890522
29116890
24725984
24725988
39340519
28436980
25905658
27511291
28060160
30951939
47434244
22129166
23349777
30419474
34589203
24201746
40397333
22645270
27019801
45648416
38210084
29289000
24545840
38119985
22932029
21326398
21924422
37177930
30632524
34425422
22030929
38890067
39119444
22932054
27667033
278604380
21580382
29125219
34171492
31279716
56273511
20400746
47606381
30313087
22301311
38300293
28551817
37939851
24627851
36129423
35056271
27355802
265980571
29477531
28002971
27380390
271321776
57756340
25873076
21916340
28330683
38103740
30853828
23079628
36498131
29862611
34671322
23014117
40659687
28084973
267840242
55429878
30730999
25283318
269495033
31656697
33704699
21916411
38292223
41863936
28429056
29248259
67218185
26692366
28543760
34630417
23481110
31230746
27757340
22399773
37317420
37841717
20482871
27970361
22580031
29182785
22416195
66710343
267455304
38464327
66710346
26807114
55044944
37997398
28330839
21269336
24636256
285305698
50113380
48941925
50670438
28093285
43199337
37776235
24660847
35588977
31337333
38185846
38407031
24144762
21425020
28093310
38611839
33319808
22399872
27511686
31026055
57756557
22309773
268233624
41683871
270674851
276671397
48982950
35048358
40217515
288803756
37473196
20016045
31534009
282266556
29518780
37751746
25668548
22653892
21892037
270371786
279710667
24603601
39209938
38390739
22432721
31230942
46582752
20016096
298339301
279866341
28429288
24636396
22973426
51866612
24177652
38390775
26971134
267701251
40799236
23481351
23186442
39005196
280529934
31853586
26135577
28380187
37710877
29264925
24497186
299494439
38251559
22957096
28634155
40799283
67390519
57396280
288803897
60173372
265964622
21785678
40799324
31108192
31009888
29158502
33999975
21908582
24702057
64097386
40799348
44010613
45395068
29797501
24693889
300797063
25906312
274508938
26045578
32255118
60189841
25734289
28191891
21916828
271994014
26078366
40799397
34655402
26848430
38055097
38046905
37825731
46869700
28257475
21892297
21998794
283512012
28413138
22850771
29560023
21441754
43732188
47475933
20810972
38612191
26889440
27110625
23866598
21851366
40848616
29822184
26553578
21245160
58682604
29101295
68676849
21826812
31067389
22760702
34098434
21294347
38063379
35777816
59518236
22498594
35917092
24554788
26520879
48164145
26070326
28871992
22490431
40553794
38718787
37875011
275754310
37932359
22998345
22957388
20647250
34295126
23194974
25685344
40799589
36670821
26439014
27708777
37154155
290090348
267005292
20557163
28724601
24563066
27962749
26627454
25947518
40799618
295177603
287821188
47574403
38514053
31206790
270781832
27028873
30461322
29322627
23489939
23915930
48000411
59313564
37195165
37883296
28003745
21851553
38055337
299249066
24366509
25415087
291663281
37883318
41733576
41438668
21941710
283512272
38358490
29978080
25906664
40029676
24514031
31935997
300961279
35417602
57519619
31673863
38415880
265924105
24636938
46984717
27880977
275344920
25456152
21712408
20991512
41913889
53620261
20295212
279490096
38407732
38227520
284413506
29388358
21007943
62303830
281259607
21810775
20696666
46812763
21851739
40799842
42896999
28626538
22892142
41545330
37457524
40554102
43519609
24882809
26463873
28159618
29150852
47402637
30224014
299216529
66850449
23703190
41119383
47632028
292179617
19697314
26635944
29134508
19910319
29732528
23809714
47681203
28757684
265662133
22949560
34999993
21393081
21360324
38203078
24891079
37932744
35614409
292662990
27709137
20737746
276606681
37285598
37646051
40873701
28200678
32681704
25554664
274673384
38039272
37375722
35106540
24268526
41103092
37129977
280071932
24235775
37596933
37719816
28184329
29388557
287903506
36310803
24268563
35204895
31624992
47222566
39431981
36359989
28077895
37760842
44437323
31297358
37351247
27610977
26611553
29994855
50499434
38195052
25923443
28512118
36876151
30486391
28389246
31625087
23596932
23564164
35205000
22515593
24997774
36663183
59781009
31092625
55922579
284856214
22933402
38236059
283561886
23793567
24293283
24637351
23662505
27946922
44937136
21639089
28184498
23236534
24637374
61173696
19566528
281268162
26554312
36155342
24866766
34574288
281063378
30543826
48107476
57520092
20066275
30027748
34549733
23556071
272535534
27946994
26800121
24637434
28200960
29134850
53268484
36253702
26652678
41914376
289665033
40464394
43454477
26202128
22695965
39858208
37400622
45371444
26079287
25907256
29143099
24612929
36229191
51064904
35246151
39817290
23654471
20475980
23605327
28119121
23654487
46944344
43454554
59994207
39006303
275771491
29896807
45494376
35999852
287756397
28102766
63008881
42225778
36638833
27136113
40145017
45510778
22900861
54120576
20942976
21360771
47927429
24899729
22900882
26579100
20566176
29208740
22966437
24998056
298307760
21737657
37744829
20205757
21885122
39538885
29438152
23384268
27578576
34558170
23482587
49500386
24998122
22245611
30388461
21975280
25030903
29798650
21418234
22556932
38129925
26292485
63115527
53899531
20361485
22335766
57397530
23810331
46608672
28135715
39121191
267063592
47354152
20263207
25907510
22761786
267637060
55349575
297226568
39129416
37228871
29258057
36319566
29102414
24432977
277983574
298053975
36983128
21868894
22319458
43430244
31592806
298815848
42127721
19632488
21238123
38785391
300093809
37900661
37343612
29798781
21533059
22516100
37376402
39924125
36196767
22966687
35385761
45535650
38326694
28111281
29405624
26079672
295481786
36499910
29438409
28168652
29135310
45421008
28127696
35123671
27832798
40538593
36671971
297955829
53293558
34828803
25096708
21066245
22278663
37736968
36221449
45609487
277803536
300773904
41832984
35000866
38646312
44986933
41079351
35885624
37917243
24572475
27972167
53244489
39031370
28201546
38695501
269128281
50819693
22934126
24801904
41136753
37917310
38785666
25678484
27169432
48607900
24646308
35885736
22508200
35869361
36074163
283783860
27775678
23032510
21975743
30331587
295056072
27194059
26653387
41882320
35869394
23139033
39899866
31863514
21918425
21893853
267817697
38802147
263934698
30913258
29782774
27939578
60265214
36319999
47026943
294310665
59970321
47756051
37942035
23016213
55341846
21754649
37892892
26088227
35017510
286667564
31396654
24884016
25252658
21238580
26546997
21656373
30028600
34296633
48165690
29094712
295572288
29135681
21238598
270226266
31011674
22917979
20910939
21844831
21967712
39908194
22917989
283284326
28177257
64648043
296932208
26555250
29455222
21058423
26293112
24916858
35271548
286667651
24654723
20018053
56521608
31757195
46855052
37966735
31732632
22344601
26563487
54752162
25146276
40080293
48124844
62477229
27325364
22975414
21345209
21869499
40080316
29111233
38171597
24720335
21853146
29127649
21722081
62313448
39523306
300758003
38048755
41481210
55423999
268465159
40129549
21402637
34763792
269972498
32011289
32240666
24663076
35886119
39900202
42964011
30094378
37696559
21869625
40383549
22565949
24704063
26989633
36582466
41350215
37196872
28423242
30585931
34845775
29078609
36435034
22893658
22262881
29160549
28316774
30184552
23016553
21836915
30643316
31249526
22295675
24835200
38057090
26596487
265933960
297317518
66499727
19616910
21230739
39908501
24040602
29553824
38720675
47191207
274658475
30708910
283473073
39507122
27972787
39122103
53597372
49001661
22697156
34411718
33567946
20346062
56276180
38851803
29897949
22344925
36664546
292361444
21927140
28701926
30029035
35157235
35198197
28177653
50115846
39515404
40580366
290002203
29136159
41080101
38941989
24671526
23147816
38458666
24859946
21665069
22590772
37999927
29103417
263877948
68719936
33740096
41727298
39974218
39179595
46519631
37311825
288093522
29291857
29103442
41956693
49034584
28366170
28423516
23049565
63239520
36230499
31610213
292926822
27383143
42046825
38655340
27964781
38671732
22426999
280499577
44668281
39228796
41227645
26924414
30373247
23721343
29734274
41178500
39097734
300758407
26916234
23106959
21976464
28333459
40015253
43382169
297186714
38057370
37451164
38049181
29037977
34977191
26047915
38401452
22893998
297481647
50812338
288069044
22345141
29537723
38049214
34575811
276379087
58086871
293664216
31725017
30021080
37426652
39908831
39884261
57701862
37778925
22812141
37230064
27252208
22533621
24647167
34805255
25728519
37492237
293647887
40138256
28431889
25581073
21861913
22132250
23156254
35321379
49616422
49346087
28218929
21501489
42890806
22304311
24630842
282539579
40408639
299177537
23926340
20846157
36910675
61396575
29169247
25368159
46413411
40171114
46200429
48264814
35599981
37582450
28128890
23049852
23017084
54834814
63919743
21223060
40744597
22861465
50992796
49116834
20928162
299292338
24688309
20297403
30684862
30447297
28079810
23574213
297825992
21264078
28636880
47445720
44250841
37918425
24696541
26564319
37926632
52508394
22927087
30226168
41449212
48707326
29177607
25573127
52926217
24237839
47306512
42989329
29644562
22927124
60282645
27883285
29415195
29226781
289560350
56325924
38328101
38008614
36468520
25392939
44349232
36910897
29726513
42006324
34928436
29136699
31381311
39909185
35215170
35993413
46815048
26744649
29873994
22435657
287741774
268982099
263591764
26539862
28587869
23140191
38598496
25368421
24688487
29890408
38008682
36902765
50804590
30480237
44537717
40228725
26752888
41269114
299652999
63133576
38098833
22607771
24770465
29095847
47388586
19937199
37181362
35321779
31815615
29153224
23353288
36370385
21616599
24655832
25065437
31586271
37255136
22894561
47175650
62191587
41580514
27678709
33200120
35723278
26482702
22386704
40876049
23656470
41973783
41285655
48085018
22411290
299005980
38320157
22386717
29292575
48134176
47282219
46463019
36141102
27637809
34560050
25860147
39172178
21968990
29079648
35682403
57522282
35379308
37369967
23337076
68638843
38312064
21829761
38369416
37001354
28391564
21166222
37320848
28530838
41629850
29137050
31422621
23754918
66156711
38238376
21747885
36567216
51386545
26892469
22354103
40728760
35322040
31168702
41359555
40442052
36116675
37542087
29202635
25499860
265730261
37705946
29792475
40392924
29350108
28137703
31267049
38140139
20887788
68557043
58046707
299415801
29554942
38033664
35993858
30021899
34994444
31873294
294566162
43661589
300497176
22911260
22436125
22493470
263616801
35174695
57702703
35772721
34470198
38172985
48912702
39123262
31938881
24697153
21977414
22911308
27957587
22411611
38205791
29235565
29817201
22690162
29276535
26114429
48232831
29161861
27605381
28580232
44571020
29292947
29170069
299383191
29464985
30103964
37288350
37124510
28793248
29292961
22911391
36846001
28121521
41966018
294640067
28096962
287963593
51247565
58571226
53795293
39844318
21928418
24975846
57702891
26130924
280566258
23656947
27875831
39574008
29424120
29145595
268679677
29424126
39754247
30259720
49699337
27171337
49846799
22034967
46586398
39164446
46496299
21240385
46520899
28449350
41187913
27056714
40090192
39385682
27875922
19880530
22346330
37182045
24533597
28088928
35363429
31038060
30538353
26131063
36428408
26851962
36149884
30767753
19667604
29825688
28121755
40811172
24656549
39467692
38140589
25672365
38173361
277977779
29563593
25066185
61954768
37911248
28539602
37829333
34044633
26966750
24853216
275659499
27736811
21904108
35265264
24648436
40844021
30227189
28236538
26524412
35617533
41196286
60119807
29104893
26909438
274414343
22338319
26581776
274438930
42048274
31210262
58088215
51649308
33643294
32152351
30407456
29154081
50846506
21863212
26409773
268679982
34020142
27360046
22895408
29121330
278633272
35445561
35044152
38435643
29145914
21928762
31939391
27171650
29596491
41761612
32955214
26581839
279984977
29490002
37911381
32152406
26524510
38378336
21855078
20921195
37690230
28744577
29457282
28670851
21920645
39050137
40868762
40811419
22444954
22952864
23395237
22543270
22920109
36395950
37378992
38198193
42810302
22657984
50207688
22977487
26631122
38452181
35945433
46324702
29137888
29096945
41352178
38149106
39910396
41663485
59702278
27630598
37952524
33553420
37338127
38231056
24034321
55802899
270597140
59816983
23657507
38992933
39926827
279256108
21199918
31489075
38526008
26500165
21912645
21879878
29072461
37878865
37903445
36035670
23321685
41155673
37346397
40016992
30006370
39173219
34454629
41335918
27360370
44637303
277134456
35208312
24329338
285310080
281468041
40869004
27131024
21806229
31513755
36641949
40713377
267812002
26549416
24886445
31431857
35118259
29277365
22961349
28941513
54271180
24657100
37846225
24853717
23731420
38059243
40549613
285310192
37010673
40099059
26115315
37813498
29482236
24845566
277003519
33307903
42712321
40467716
23657736
40418571
58211599
37936399
278019345
29367568
57703704
40221978
38010146
37780775
21716264
26098985
38346026
29080880
26828082
38059319
23485751
300391737
36863289
274545989
24558920
21773643
38067532
34471251
24141151
22723939
23706980
24673640
27385194
22183274
35626358
23100791
275398011
51199360
24681857
29130114
34864516
38296966
38313351
35683720
35650952
25984395
26983821
270130581
26402200
23174553
38215066
44039584
24542624
280853924
47807909
35601832
39181737
38313388
28097964
21978544
26975685
39919048
35405259
24640980
38256087
22592984
24755674
38231517
51068384
300670433
34962915
38755828
39706112
40566274
28433923
33553924
21880322
49880602
28261916
26902045
67321378
24624686
284810799
37871153
40066610
37379634
27450938
47627838
26484300
33070670
26844752
28687953
275357276
37822046
22896225
32284258
27254372
30539365
297483878
59924074
34365034
28876397
38174321
28311154
271146614
48242294
41229944
40140406
20020859
22937215
57876096
22478463
20397700
21560966
31334023
23174793
36970125
279772814
29163155
296402580
24526483
23133847
267640489
28393134
23740086
38207159
61939387
45194940
24247995
22961851
55844545
22986444
23207629
22339278
52551375
40304336
45309652
267632342
33988310
23092950
20438745
22945501
29581023
21896928
40517346
40132326
32325352
22118123
43261678
22372079
300293875
37928693
43474680
268263162
29277956
24207113
38543115
19758860
39788307
38526744
37568282
23682844
38846238
24633125
28303142
60161831
285277994
45449002
38272819
23396157
33890113
48070466
37355330
45506379
37199699
22937431
35053401
37617498
38051676
26484575
32759650
22019943
34865001
43630442
25378667
40533875
29687670
63012736
41418624
21913472
29228935
20832141
46776209
22126482
20037523
29400991
21479327
31948708
37183397
40583080
300416937
38666160
37797813
37904311
46522297
21897151
24428485
41615303
38232011
41082842
41131995
38289371
267902941
24682458
297902050
300744676
23363557
50028521
35037162
27516926